bins	biome	depth	genes	COG2141	COG4948	COG4638	COG1028	COG3119
TARA_004_DCM_0.22-1.6	(NAO) North Atlantic Ocean 	40	725424	601	503	741	4461	1464
TARA_004_SRF_0.22-1.6	(NAO) North Atlantic Ocean 	5	667220	442	542	549	3935	2213
TARA_007_DCM_0.22-1.6	(MS) Mediterranean Sea 	42	346347	290	194	367	1819	1180
TARA_007_SRF_0.22-1.6	(MS) Mediterranean Sea 	5	357631	179	308	273	2213	1482
TARA_009_DCM_0.22-1.6	(MS) Mediterranean Sea 	55	810632	754	750	907	4957	2061
TARA_009_SRF_0.22-1.6	(MS) Mediterranean Sea 	5	663884	340	521	504	3951	2160
TARA_018_DCM_0.22-1.6	(MS) Mediterranean Sea 	60	765168	850	657	682	4670	2245
TARA_018_DCM_<-0.22	(MS) Mediterranean Sea 	60	111894	4	1	17	64	5
TARA_018_SRF_0.22-1.6	(MS) Mediterranean Sea 	5	793339	821	621	701	4769	2063
TARA_018_SRF_<-0.22	(MS) Mediterranean Sea 	5	156276	60	53	140	643	324
TARA_022_SRF_<-0.22	(MS) Mediterranean Sea 	5	248426	33	16	61	333	60
TARA_023_DCM_0.22-1.6	(MS) Mediterranean Sea 	55	359899	329	416	397	2455	1002
TARA_023_DCM_<-0.22	(MS) Mediterranean Sea 	55	181438	0	0	11	46	0
TARA_023_SRF_0.22-1.6	(MS) Mediterranean Sea 	5	329928	315	513	354	2423	1228
TARA_025_DCM_0.22-1.6	(MS) Mediterranean Sea 	50	720456	1100	791	863	4714	1850
TARA_025_DCM_<-0.22	(MS) Mediterranean Sea 	50	244564	53	57	136	678	272
TARA_025_SRF_0.22-1.6	(MS) Mediterranean Sea 	5	765561	377	674	590	4454	2259
TARA_025_SRF_<-0.22	(MS) Mediterranean Sea 	5	217365	19	40	69	420	48
TARA_030_DCM_0.22-1.6	(MS) Mediterranean Sea 	70	851822	500	624	566	4693	2306
TARA_030_DCM_<-0.22	(MS) Mediterranean Sea 	70	124842	14	9	21	143	14
TARA_030_SRF_0.22-1.6	(MS) Mediterranean Sea 	5	743052	266	534	384	3981	2062
TARA_031_SRF_0.22-1.6	(RS) Red Sea 	5	506972	411	411	419	2808	1088
TARA_031_SRF_<-0.22	(RS) Red Sea 	5	280830	66	71	180	951	255
TARA_032_DCM_0.22-1.6	(RS) Red Sea 	80	643223	2110	1730	1114	5408	2757
TARA_032_DCM_<-0.22	(RS) Red Sea 	80	82201	22	34	63	445	36
TARA_032_SRF_0.22-1.6	(RS) Red Sea 	5	505535	297	303	343	2417	556
TARA_032_SRF_<-0.22	(RS) Red Sea 	5	216493	0	2	11	104	6
TARA_033_SRF_0.22-1.6	(RS) Red Sea 	5	392456	319	311	319	2185	681
TARA_034_DCM_0.22-1.6	(RS) Red Sea 	60	969286	1842	2016	1269	6314	2582
TARA_034_DCM_<-0.22	(RS) Red Sea 	60	174100	0	0	13	126	5
TARA_034_SRF_0.1-0.22	(RS) Red Sea 	5	432065	28	16	33	259	45
TARA_034_SRF_0.22-1.6	(RS) Red Sea 	5	374306	273	299	287	2014	513
TARA_034_SRF_<-0.22	(RS) Red Sea 	5	213231	41	21	71	383	38
TARA_036_DCM_0.22-1.6	(IO) Indian Ocean 	17	571825	233	274	417	2520	1425
TARA_036_DCM_<-0.22	(IO) Indian Ocean 	17	123893	0	2	12	33	1
TARA_036_SRF_0.1-0.22	(IO) Indian Ocean 	5	93043	0	0	8	22	0
TARA_036_SRF_0.22-1.6	(IO) Indian Ocean 	5	382487	209	206	338	1857	826
TARA_036_SRF_<-0.22	(IO) Indian Ocean 	5	94462	6	13	22	142	40
TARA_037_MES_0.1-0.22	(IO) Indian Ocean 	600	834176	375	278	144	1641	511
TARA_037_MES_0.22-1.6	(IO) Indian Ocean 	600	599846	1004	830	387	3657	1004
TARA_038_DCM_0.22-1.6	(IO) Indian Ocean 	25	574928	365	388	400	2541	698
TARA_038_DCM_<-0.22	(IO) Indian Ocean 	25	152875	2	2	25	98	3
TARA_038_MES_0.1-0.22	(IO) Indian Ocean 	340	264690	31	44	65	636	62
TARA_038_MES_0.22-1.6	(IO) Indian Ocean 	340	343270	415	484	213	2165	462
TARA_038_SRF_0.1-0.22	(IO) Indian Ocean 	5	156554	2	1	11	42	4
TARA_038_SRF_0.22-1.6	(IO) Indian Ocean 	5	363959	190	180	292	1431	896
TARA_038_SRF_<-0.22	(IO) Indian Ocean 	5	179592	6	2	25	119	3
TARA_039_DCM_0.22-1.6	(IO) Indian Ocean 	25	520663	373	381	389	2096	1558
TARA_039_DCM_<-0.22	(IO) Indian Ocean 	25	153265	0	2	6	51	18
TARA_039_MES_0.1-0.22	(IO) Indian Ocean 	270	425236	27	66	48	622	170
TARA_039_MES_0.22-1.6	(IO) Indian Ocean 	270	402296	450	538	204	2272	549
TARA_039_SRF_0.1-0.22	(IO) Indian Ocean 	5	117948	6	3	13	105	8
TARA_039_SRF_<-0.22	(IO) Indian Ocean 	5	207551	4	10	10	136	6
TARA_041_DCM_0.22-1.6	(IO) Indian Ocean 	60	795123	491	364	578	3140	687
TARA_041_DCM_<-0.22	(IO) Indian Ocean 	60	255115	3	9	20	164	8
TARA_041_SRF_0.1-0.22	(IO) Indian Ocean 	5	89964	25	8	41	281	14
TARA_041_SRF_0.22-1.6	(IO) Indian Ocean 	5	495230	206	270	299	2178	1108
TARA_041_SRF_<-0.22	(IO) Indian Ocean 	5	131525	9	15	35	152	50
TARA_042_DCM_0.22-1.6	(IO) Indian Ocean 	80	614682	593	387	471	2737	546
TARA_042_DCM_<-0.22	(IO) Indian Ocean 	80	219985	3	4	16	157	6
TARA_042_SRF_0.22-1.6	(IO) Indian Ocean 	5	434297	266	246	300	2115	773
TARA_042_SRF_<-0.22	(IO) Indian Ocean 	5	146321	13	14	69	238	16
TARA_045_SRF_0.22-1.6	(IO) Indian Ocean 	5	419450	379	282	356	2407	1108
TARA_046_SRF_<-0.22	(IO) Indian Ocean 	5	125533	8	6	41	256	22
TARA_048_SRF_0.1-0.22	(IO) Indian Ocean 	5	332418	30	19	51	315	34
TARA_048_SRF_0.22-1.6	(IO) Indian Ocean 	5	494026	234	276	260	2598	1291
TARA_052_DCM_0.22-1.6	(IO) Indian Ocean 	75	631955	470	417	509	3246	731
TARA_052_DCM_<-0.22	(IO) Indian Ocean 	75	181583	0	4	10	39	0
TARA_052_SRF_0.22-1.6	(IO) Indian Ocean 	5	539034	242	401	335	2749	1398
TARA_056_MES_0.22-3	(IO) Indian Ocean 	1000	415057	680	392	495	2904	1142
TARA_056_SRF_0.22-3	(IO) Indian Ocean 	5	360521	229	348	306	2070	713
TARA_057_SRF_0.22-3	(IO) Indian Ocean 	5	376777	281	327	332	2055	1179
TARA_058_DCM_0.22-3	(IO) Indian Ocean 	66	461580	324	416	356	2326	1779
TARA_062_SRF_0.22-3	(IO) Indian Ocean 	5	411393	244	341	275	2049	843
TARA_064_DCM_0.1-0.22	(IO) Indian Ocean 	65	228386	0	2	4	46	0
TARA_064_DCM_0.22-3	(IO) Indian Ocean 	65	421593	755	550	511	2770	1286
TARA_064_DCM_<-0.22	(IO) Indian Ocean 	65	148013	0	2	3	44	0
TARA_064_MES_0.22-3	(IO) Indian Ocean 	1000	228996	806	436	348	1770	785
TARA_064_SRF_0.22-3	(IO) Indian Ocean 	5	725782	571	705	584	3917	1431
TARA_064_SRF_<-0.22	(IO) Indian Ocean 	5	192046	25	33	85	508	36
TARA_065_DCM_0.1-0.22	(IO) Indian Ocean 	30	348167	5	2	22	90	0
TARA_065_DCM_0.22-3	(IO) Indian Ocean 	30	364120	517	550	378	2249	1018
TARA_065_DCM_<-0.22	(IO) Indian Ocean 	30	222082	13	13	26	308	24
TARA_065_MES_0.22-3	(IO) Indian Ocean 	850	405469	1299	823	501	3145	1431
TARA_065_SRF_0.1-0.22	(IO) Indian Ocean 	5	294144	1	4	14	64	0
TARA_065_SRF_0.22-3	(IO) Indian Ocean 	5	322766	338	397	324	1953	568
TARA_065_SRF_<-0.22	(IO) Indian Ocean 	5	204474	12	6	25	286	20
TARA_066_DCM_0.22-3	(SAO) South Atlantic Ocean 	30	229715	192	230	406	1580	504
TARA_066_DCM_<-0.22	(SAO) South Atlantic Ocean 	30	152304	18	27	41	386	21
TARA_066_SRF_0.22-3	(SAO) South Atlantic Ocean 	5	450834	408	404	669	2950	962
TARA_066_SRF_<-0.22	(SAO) South Atlantic Ocean 	5	166859	43	29	76	500	34
TARA_067_SRF_0.22-0.45	(SAO) South Atlantic Ocean 	5	531744	101	141	319	1627	432
TARA_067_SRF_0.22-3	(SAO) South Atlantic Ocean 	5	426315	220	247	389	1865	1200
TARA_067_SRF_<-0.22	(SAO) South Atlantic Ocean 	5	185570	4	15	16	131	7
TARA_067_SRF_0.45-0.8	(SAO) South Atlantic Ocean 	5	652087	372	360	556	2874	2432
TARA_068_DCM_0.22-0.45	(SAO) South Atlantic Ocean 	50	491270	580	530	568	3460	711
TARA_068_DCM_0.22-3	(SAO) South Atlantic Ocean 	50	300567	235	237	357	1684	657
TARA_068_DCM_<-0.22	(SAO) South Atlantic Ocean 	50	126487	0	0	8	33	1
TARA_068_DCM_0.45-0.8	(SAO) South Atlantic Ocean 	50	436784	626	417	556	2924	1206
TARA_068_MES_0.22-3	(SAO) South Atlantic Ocean 	700	395311	1260	931	534	2901	1566
TARA_068_MES_0.45-0.8	(SAO) South Atlantic Ocean 	700	427088	1531	1301	543	3245	1961
TARA_068_SRF_0.22-0.45	(SAO) South Atlantic Ocean 	5	561450	422	457	571	3405	699
TARA_068_SRF_0.22-3	(SAO) South Atlantic Ocean 	5	327785	267	267	387	1869	804
TARA_068_SRF_<-0.22	(SAO) South Atlantic Ocean 	5	174330	33	28	73	431	33
TARA_068_SRF_0.45-0.8	(SAO) South Atlantic Ocean 	5	471609	647	437	585	2989	1634
TARA_070_MES_0.22-0.45	(SAO) South Atlantic Ocean 	800	270420	307	170	231	1694	650
TARA_070_MES_0.22-3	(SAO) South Atlantic Ocean 	800	342282	1006	457	437	2497	964
TARA_070_MES_<-0.22	(SAO) South Atlantic Ocean 	800	118585	45	72	141	766	79
TARA_070_MES_0.45-0.8	(SAO) South Atlantic Ocean 	800	423508	1139	549	479	2926	1046
TARA_070_SRF_0.22-0.45	(SAO) South Atlantic Ocean 	5	694498	461	611	527	3887	995
TARA_070_SRF_0.22-3	(SAO) South Atlantic Ocean 	5	211258	214	170	215	1219	810
